      JulDay  Hour  Latitude Longitude Short_tid    LP_tid Pure_Tide  Geo_Tide  Rad_Tide
 12053.00000     0    59.195    -7.688  -100.991     0.903  -100.087   -96.206     3.881
 12053.04167     1    59.195    -7.688  -137.104     0.877  -136.228  -131.899     4.328
 12053.08333     2    59.195    -7.688  -138.482     0.849  -137.633  -133.923     3.711
 12053.12500     3    59.195    -7.688  -104.345     0.821  -103.524  -101.390     2.134
 12053.16667     4    59.195    -7.688   -42.516     0.793   -41.723   -41.775    -0.052
 12053.20833     5    59.195    -7.688    32.375     0.763    33.138    30.797    -2.341
 12053.25000     6    59.195    -7.688   102.168     0.734   102.901    98.707    -4.194
 12053.29167     7    59.195    -7.688   149.469     0.703   150.173   145.001    -5.172
 12053.33333     8    59.195    -7.688   162.103     0.673   162.776   157.730    -5.046
 12053.37500     9    59.195    -7.688   136.506     0.642   137.147   133.295    -3.852
 12053.41667    10    59.195    -7.688    78.895     0.610    79.505    77.620    -1.885
 12053.45833    11    59.195    -7.688     3.643     0.578     4.221     4.603     0.382
 12053.50000    12    59.195    -7.688   -70.661     0.545   -70.116   -67.705     2.411
 12053.54167    13    59.195    -7.688  -126.154     0.512  -125.642  -121.908     3.734
 12053.58333    14    59.195    -7.688  -150.117     0.479  -149.638  -145.567     4.071
 12053.62500    15    59.195    -7.688  -137.780     0.445  -137.335  -133.942     3.393
 12053.66667    16    59.195    -7.688   -93.131     0.411   -92.720   -90.792     1.928
 12053.70833    17    59.195    -7.688   -27.816     0.377   -27.439   -27.342     0.097
 12053.75000    18    59.195    -7.688    41.547     0.342    41.889    40.296    -1.593
 12053.79167    19    59.195    -7.688    97.256     0.307    97.563    94.879    -2.684
 12053.83333    20    59.195    -7.688   124.945     0.272   125.217   122.335    -2.882
 12053.87500    21    59.195    -7.688   117.469     0.237   117.706   115.573    -2.133
 12053.91667    22    59.195    -7.688    77.028     0.201    77.229    76.593    -0.635
 12053.95833    23    59.195    -7.688    14.659     0.165    14.825    16.034     1.210
