      JulDay  Hour  Latitude Longitude Short_tid    LP_tid Pure_Tide  Geo_Tide  Rad_Tide
 12053.00000     0    59.195    -7.688   -92.902     1.085   -91.817   -89.046     2.771
 12053.04167     1    59.195    -7.688  -131.921     1.058  -130.863  -127.485     3.378
 12053.08333     2    59.195    -7.688  -137.191     1.031  -136.160  -133.089     3.071
 12053.12500     3    59.195    -7.688  -107.248     1.002  -106.246  -104.322     1.924
 12053.16667     4    59.195    -7.688   -48.606     0.974   -47.632   -47.417     0.215
 12053.20833     5    59.195    -7.688    25.459     0.944    26.403    24.764    -1.639
 12053.25000     6    59.195    -7.688    96.061     0.914    96.975    93.828    -3.146
 12053.29167     7    59.195    -7.688   144.051     0.884   144.935   141.046    -3.889
 12053.33333     8    59.195    -7.688   157.474     0.853   158.326   154.654    -3.673
 12053.37500     9    59.195    -7.688   134.267     0.821   135.089   132.515    -2.573
 12053.41667    10    59.195    -7.688    80.433     0.789    81.222    80.358    -0.864
 12053.45833    11    59.195    -7.688     8.224     0.757     8.980    10.044     1.064
 12053.50000    12    59.195    -7.688   -65.456     0.724   -64.733   -61.965     2.767
 12053.54167    13    59.195    -7.688  -122.559     0.690  -121.868  -118.034     3.835
 12053.58333    14    59.195    -7.688  -149.208     0.656  -148.551  -144.549     4.002
 12053.62500    15    59.195    -7.688  -139.889     0.622  -139.267  -136.028     3.239
 12053.66667    16    59.195    -7.688   -97.728     0.588   -97.140   -95.396     1.744
 12053.70833    17    59.195    -7.688   -32.901     0.553   -32.348   -32.465    -0.117
 12053.75000    18    59.195    -7.688    38.115     0.517    38.632    36.758    -1.874
 12053.79167    19    59.195    -7.688    95.755     0.482    96.237    93.177    -3.061
 12053.83333    20    59.195    -7.688   124.716     0.446   125.162   121.786    -3.376
 12053.87500    21    59.195    -7.688   119.101     0.410   119.511   116.724    -2.786
 12053.91667    22    59.195    -7.688    81.843     0.374    82.216    80.729    -1.488
 12053.95833    23    59.195    -7.688    22.489     0.337    22.826    23.007     0.181
